[mRMR_PC([[-0.53256123, -0.02734231,  0.21793854,  0.20448841],
       [-0.02734231,  0.6694462 , -0.10512902, -0.08913602],
       [ 0.21793854, -0.10512902, -0.69904254,  0.24068927],
       [ 0.20448841, -0.08913602,  0.24068927, -0.70646382]]), 

mRMR_SP([[-0.53256123, -0.03986413,  0.2203466 ,  0.20860516],
       [-0.03986413,  0.6694462 , -0.07585516, -0.06937777],
       [ 0.2203466 , -0.07585516, -0.69904254,  0.23400084],
       [ 0.20860516, -0.06937777,  0.23400084, -0.70646382]]), 

mRMR_MI([[-0.20677455,  0.09348978,  0.22994935,  0.189515  ],
       [ 0.09348978,  0.99596267,  0.09681199,  0.09499508],
       [ 0.22994935,  0.09681199, -0.37180498,  0.28154435],
       [ 0.189515  ,  0.09499508,  0.28154435, -0.43036846]]), 

mRMR_SU([[-0.53256123,  0.04054081,  0.09959043,  0.09005734],
       [ 0.0405922 ,  0.6694462 ,  0.04192901,  0.04514157],
       [ 0.09984138,  0.04198145, -0.69904254,  0.1337896 ],
       [ 0.08228525,  0.04119357,  0.12193608, -0.70646382]])]